280
297
409
927
1123
1145
1180
1262
2537
3083
3229
3678
5026
5144
5152
6062
6694
7770
8049
8320
9003
9317
9351
9413
9837
9931
10033
10398
10799
11388
12099
12599
12947
13371
13599
13612
13966
14072
14095
14154
14410
14451
14965
15021
15209
15455
16617
17013
17292
17860
17870
18038
18789
18849
19020
19129
19355
19373
19430
19464
20511
20829
20938
21571
21748
21837
22346
22400
23485
23618
23721
23874
24271
24744
24883
25294
25333
25350
26655
27519
27613
28092
29072
29254
31536
31894
33339
33688
33793
34138
34151
34811
34967
35747
35859
36245
37018
37085
37138
37210
37858
38567
38948
39006
40167
41424
41432
41595
42164
42436
42861
42931
43072
43314
43325
43440
43684
44425
44549
44892
