1
25
75
85
96
111
128
134
185
228
237
285
312
315
328
333
346
387
414
453
457
469
481
498
500
520
538
582
632
737
739
774
790
805
848
854
855
867
903
904
974
983
988
1011
1012
1041
1054
1110
1124
1173
1215
1229
1351
1367
1382
1441
1490
1509
1514
1534
1547
1575
1588
1671
1676
1682
1744
1791
1840
1883
1884
1901
1942
1955
1994
2027
2037
2038
2039
2050
2055
2094
2097
2100
2107
2144
2170
2184
2202
2213
2226
2239
2259
2294
2304
2317
2327
2339
2381
2438
2475
2508
2526
2544
2614
2615
2617
2619
2626
2654
2657
2670
2691
2735
2740
2763
2782
2812
2840
2844
