176
329
573
581
629
631
685
699
841
863
980
1100
1111
1142
1144
1209
1263
1350
1390
1471
1536
1619
1692
1774
1829
1936
2088
2089
2188
2301
2306
2369
2381
2536
2575
2594
2613
2743
2801
2938
2962
3383
3412
3456
3514
3530
3805
3813
3815
3988
4004
4055
4056
4123
4154
4239
4258
4285
4319
4321
4455
4690
4806
4971
4975
5253
5263
5366
5376
5546
5550
5582
5690
5839
5857
5914
5953
6060
6081
6093
6121
6236
6254
6271
6324
6346
6490
6584
6586
6605
6629
6849
6857
7197
7206
7240
7298
7337
7365
7515
7671
7685
7911
7963
7995
8098
8120
8301
8354
8377
8391
8496
8560
8659
8699
8705
8714
8815
8896
8920
