67
95
234
266
376
427
444
452
549
610
647
696
822
1040
1093
1226
1366
1590
1612
1736
1764
1818
1859
1870
2168
2210
2233
2362
2469
2504
2562
2605
2792
2894
3158
3206
3273
3274
3360
3506
3512
3540
3543
3553
3668
3822
3847
3947
4029
4157
4162
4223
4272
4293
4418
4450
4454
4569
4731
4806
4808
4834
5065
5082
5211
5353
5473
5695
5749
5989
6028
6119
6139
6338
6391
6429
6478
6646
6900
7018
7074
7075
7214
7310
7365
7505
7570
7594
7605
7695
7916
8027
8031
8075
8112
8201
8320
8321
8347
8501
8628
9022
9094
9174
9263
9427
9672
9761
9858
9930
10258
10260
10350
10679
11016
11236
11348
11532
11780
11840
