1
14
15
81
168
183
197
219
232
269
283
325
406
416
419
422
461
555
564
588
616
626
681
682
694
700
793
823
835
880
902
907
961
964
978
1064
1103
1114
1246
1271
1333
1356
1368
1382
1521
1522
1549
1574
1608
1612
1660
1662
1691
1742
1743
1750
1752
1787
1871
1879
1932
1938
1951
2006
2019
2035
2077
2086
2101
2115
2120
2147
2167
2214
2222
2224
2228
2233
2247
2303
2314
2367
2470
2471
2485
2494
2508
2515
2518
2549
2551
2557
2600
2603
2644
2646
2654
2701
2746
2805
2829
2846
2855
2866
2878
2903
2913
2919
2937
2972
2982
3012
3043
3089
3090
3108
3188
3189
3199
3225
