718
1377
1664
1868
2113
2859
3956
4214
4751
5551
5898
6141
6293
6356
6735
6816
7089
7773
7999
8235
8398
9064
9229
9241
9833
9855
10032
10430
10733
10909
11332
11603
11609
12063
12890
13374
13624
14587
14803
14915
15804
15982
16449
16907
17052
17669
17764
18016
19660
20329
22375
22963
23282
24239
25156
25187
25419
25467
25873
26147
26200
26632
26635
26818
26884
27396
27408
28309
29273
29542
29817
29958
30000
30329
30390
30534
30541
31142
31190
31257
31260
31535
31631
31739
31766
31842
32348
32657
32875
33321
33436
33977
34104
35590
35854
36527
36606
36829
37370
37682
37703
37815
38505
38632
38744
39760
40464
40665
40968
42665
43027
43187
43775
44146
44369
44430
44551
45079
45492
45539
